# of data bits = 10000000
BLER_uncoded_svd = [0.4823148, 0.4499472, 0.4166992, 0.3842752, 0.3527048, 0.3220676, 0.2933112, 0.2646084, 0.2381476, 0.2126348, 0.1879308, 0.1665024, 0.1464916, 0.1278896, 0.1111784, 0.0961928, 0.083192, 0.0712744, 0.0611792, 0.0519824, 0.0444516, 0.0377664, 0.0321064, 0.0273236, 0.0230884, 0.0194564, 0.0163244, 0.0138924, 0.0115948, 0.0098804]
BLER_coded_svd = [0.399516, 0.356768, 0.3153908, 0.2757472, 0.2388152, 0.2051564, 0.174244, 0.1459188, 0.1220132, 0.1003936, 0.0821188, 0.0661104, 0.0529848, 0.041762, 0.0326852, 0.0252028, 0.019338, 0.0147036, 0.0108512, 0.0082716, 0.0060572, 0.0044416, 0.003288, 0.0023348, 0.001702, 0.0012356, 0.0008724, 0.0006192, 0.0004556, 0.0003384]
