BLER_uncoded_ortho = [0.379885, 0.353048, 0.32461, 0.29466, 0.261365, 0.22714, 0.195263, 0.164991, 0.136231, 0.111861, 0.090276, 0.072357, 0.056944, 0.044984, 0.035383, 0.027273, 0.021171, 0.016492, 0.012801, 0.00973]
BLER_coded_ortho_hard = [0.441056, 0.423869, 0.405249, 0.381611, 0.351994, 0.318561, 0.279774, 0.237635, 0.193919, 0.151703, 0.113621, 0.08356, 0.058248, 0.039873, 0.025686, 0.016703, 0.010626, 0.006438, 0.003953, 0.002417]
BLER_learned_uncoded = [0.380636, 0.354536, 0.32549, 0.294094, 0.261362, 0.228401, 0.194884, 0.164916, 0.137435, 0.11263, 0.091624, 0.073988, 0.059093, 0.04743, 0.038022, 0.030426, 0.024828, 0.020433, 0.017403, 0.01494]
----------------------------------------------------
Total time of execution = 16.811192882061004 mins
