Number of bits = 1000000
Energy of the entire signal = 2999999.9088287354
------------------------------------------
BLER_uncoded_ortho = [0.379885, 0.353048, 0.32461, 0.29466, 0.261365, 0.22714, 0.195263, 0.164991, 0.136231, 0.111861, 0.090276, 0.072357, 0.056944, 0.044984, 0.035383, 0.027273, 0.021171, 0.016492, 0.012801, 0.00973]
BLER_coded_ortho_hard = [0.441056, 0.423869, 0.405249, 0.381611, 0.351994, 0.318561, 0.279774, 0.237635, 0.193919, 0.151703, 0.113621, 0.08356, 0.058248, 0.039873, 0.025686, 0.016703, 0.010626, 0.006438, 0.003953, 0.002417]
BLER_learned_uncoded_1_3 = [0.38057, 0.354521, 0.324658, 0.293878, 0.26103, 0.227845, 0.195436, 0.164789, 0.135989, 0.11176, 0.090314, 0.072659, 0.057859, 0.04535, 0.035566, 0.028014, 0.021924, 0.01727, 0.013873, 0.011252]
----------------------------------------------------
BLER_uncoded_ortho = [0.379885, 0.353048, 0.32461, 0.29466, 0.261365, 0.22714, 0.195263, 0.164991, 0.136231, 0.111861, 0.090276, 0.072357, 0.056944, 0.044984, 0.035383, 0.027273, 0.021171, 0.016492, 0.012801, 0.00973]
BLER_coded_ortho_hard = [0.441056, 0.423869, 0.405249, 0.381611, 0.351994, 0.318561, 0.279774, 0.237635, 0.193919, 0.151703, 0.113621, 0.08356, 0.058248, 0.039873, 0.025686, 0.016703, 0.010626, 0.006438, 0.003953, 0.002417]
BLER_learned_uncoded_1_3_custom = [0.407883, 0.385721, 0.361786, 0.33369, 0.303081, 0.271174, 0.238361, 0.205945, 0.173827, 0.144138, 0.118139, 0.095434, 0.078686, 0.067056, 0.059951, 0.056741, 0.055065, 0.054332, 0.054192, 0.053728]
----------------------------------------------------
BLER_uncoded_ortho = [0.379885, 0.353048, 0.32461, 0.29466, 0.261365, 0.22714, 0.195263, 0.164991, 0.136231, 0.111861, 0.090276, 0.072357, 0.056944, 0.044984, 0.035383, 0.027273, 0.021171, 0.016492, 0.012801, 0.00973]
BLER_coded_ortho_hard = [0.441056, 0.423869, 0.405249, 0.381611, 0.351994, 0.318561, 0.279774, 0.237635, 0.193919, 0.151703, 0.113621, 0.08356, 0.058248, 0.039873, 0.025686, 0.016703, 0.010626, 0.006438, 0.003953, 0.002417]
BLER_learned_uncoded_1_3_custom = [0.407618, 0.386358, 0.361569, 0.333549, 0.303836, 0.271861, 0.240242, 0.206811, 0.175069, 0.145866, 0.118588, 0.094814, 0.075361, 0.059573, 0.048969, 0.042113, 0.037871, 0.036207, 0.035536, 0.035462]
----------------------------------------------------
